iteration 0
iteration 100
iteration 200
iteration 300
iteration 400
iteration 500
iteration 600
iteration 700
iteration 800
iteration 900
iteration 1000
iteration 1100
iteration 1200
iteration 1300
iteration 1400
       alpha1    alpha2  children   lambda1   lambda2 parent  size
key                                                               
0    0.000000  0.018000    [1, 2]  0.000000  0.015621   None  1500
1    0.018000  0.041333    [3, 4]  0.015621  0.020742      0  1197
2    0.018000  0.699333        []  0.015621  0.150048      0   276
3    0.041333  0.627333  [27, 28]  0.020742  0.134807      1   731
4    0.041333  0.827333        []  0.020742  0.177435      1   439
27   0.627333  0.750667  [31, 32]  0.134807  0.161119      3   399
28   0.627333  0.863333        []  0.134807  0.187444      3    88
31   0.750667  0.916667        []  0.161119  0.208673     27    77
32   0.750667  1.000000        []  0.161119  0.294931     27   204
