iteration 0
iteration 100
iteration 200
       alpha1    alpha2 children   lambda1   lambda2 parent  size
key                                                              
0    0.000000  0.013333   [1, 2]  0.000000  0.004890   None  1500
1    0.013333  0.173333   [3, 4]  0.004890  0.022043      0  1167
2    0.013333  0.528000       []  0.004890  0.044852      0   313
3    0.173333  0.183333   [5, 6]  0.022043  0.022945      1  1040
4    0.173333  0.196667       []  0.022043  0.023848      1     1
5    0.183333  0.347333   [7, 8]  0.022945  0.034565      3  1028
6    0.183333  0.217333       []  0.022945  0.025501      3     2
7    0.347333  0.919333  [9, 10]  0.034565  0.097013      5   630
8    0.347333  0.698667       []  0.034565  0.059618      5   241
9    0.919333  1.000000       []  0.097013  0.109606      7   119
10   0.919333  0.936000       []  0.097013  0.099801      7     2
