iteration 0
iteration 100
iteration 200
       alpha1    alpha2  children   lambda1   lambda2 parent  size
key                                                               
0    0.000000  0.006667    [1, 2]  0.000000  0.003153   None  1500
1    0.006667  0.387333    [5, 6]  0.003153  0.038202      0  1201
2    0.006667  0.120000    [3, 4]  0.003153  0.017841      0   289
3    0.120000  0.404667    [7, 8]  0.017841  0.039015      2   201
4    0.120000  0.123333        []  0.017841  0.018351      2     1
5    0.387333  0.882667  [11, 12]  0.038202  0.088096      1   589
6    0.387333  0.732000   [9, 10]  0.038202  0.065463      1   314
7    0.404667  0.418000        []  0.039015  0.040040      3     5
8    0.404667  0.408000        []  0.039015  0.039220      3     3
9    0.732000  0.738667        []  0.065463  0.066172      6     2
10   0.732000  0.748667        []  0.065463  0.067523      6    10
11   0.882667  0.922667  [13, 14]  0.088096  0.094461      5   175
12   0.882667  0.896000        []  0.088096  0.090142      5     1
13   0.922667  0.976000  [15, 16]  0.094461  0.101287     11   115
14   0.922667  0.926000        []  0.094461  0.095457     11     1
15   0.976000  1.000000        []  0.101287  0.105238     13    31
16   0.976000  0.979333  [17, 18]  0.101287  0.101752     13     5
17   0.979333  0.989333        []  0.101752  0.103493     16     1
18   0.979333  0.989333        []  0.101752  0.103493     16     2
